system = film
N = 4
T = 500000
Lz = 48
Lyx = 48
Delta = 1.2
lambda = 18.5
h_top = 0
h_bot = 0
alpha = 0
beta_top = 5.048315525
beta = 0.91787555